tfidf_lr_0,tfidf_lr_1,tfidf_lr_2,tfidf_lr_3,tfidf_lr_4,tfidf_lr_5,tfidf_lr_6
0.02071701949499954,0.29612558800963745,0.16611875356561745,0.33428887848536776,0.1436901431968585,0.033524079577480485,0.005535537670038853
0.0341541887462001,0.3360305022891905,0.16669802960972813,0.31592267086851666,0.10933813667766885,0.03184375220616056,0.006012719602535021
0.01845721523930475,0.2696015529559817,0.2798353589744351,0.240220803509268,0.12642175741437975,0.0590466589083521,0.006416652998278726
0.03636427707823545,0.6860109808162542,0.044188409516668956,0.05343278013584517,0.1460414328166432,0.029109304181853077,0.004852815454499845
0.014919675931094608,0.22576952608087794,0.44129141418657564,0.20286674511064576,0.0893808292500558,0.02171644020165593,0.004055369239094367
0.02204755238346539,0.09741273920723165,0.20679161598164375,0.45695765869709304,0.16998380260778106,0.040283433093068796,0.006523198029716366
0.015118095890503178,0.2808647126533411,0.3335787529144443,0.17624388333150817,0.14441290256457934,0.04466185493112865,0.005119797714495247
0.021774702773769125,0.2655183559884747,0.04934311471037891,0.29563091105843564,0.33776259277863485,0.025611719102827397,0.004358603587479314
0.011816310793418505,0.552828365492659,0.2957185769454157,0.0636442594960913,0.04587326863757068,0.025923326803003778,0.004195891831840996
0.01673544565983621,0.5615909929358007,0.2165208634801089,0.0737186676994416,0.10234056245993359,0.024925912274132652,0.0041675554907462395
0.015490273872820095,0.5269402315430523,0.26055099994570097,0.11486028592063077,0.04654160638599079,0.030680978151815676,0.004935624179989498
0.014698510759570581,0.7755814120357685,0.13745917761665402,0.019391261406738025,0.0320542379251281,0.016019038444090236,0.004796361812050706
0.023018420176564185,0.13741369824684815,0.4246657226419621,0.18887151886616102,0.1921387633160107,0.02805145683857796,0.005840419913875793
0.015144736192470096,0.3903706662482886,0.32030116949780185,0.1940278642306933,0.06112471277368333,0.013028900502256354,0.006001950554806664
0.012622347369765518,0.4743827858743339,0.3187998998944738,0.09544361278675274,0.06156022878193044,0.031971244349532246,0.005219880943211357
0.019479909646697824,0.052030784646068425,0.27494586735059373,0.3753549420552289,0.21713234857450933,0.05609680964727124,0.004959338079630568
0.017332610069670906,0.48693141818075025,0.38414892109162563,0.05164993387615058,0.02671752719064331,0.029031918063765455,0.0041876715273937975
0.015409623007304717,0.5024321029192169,0.20941913724884606,0.14231100201505392,0.09088795363733124,0.033604596899667695,0.005935584272579505
0.013533898270382944,0.5631610699236105,0.3129432889514323,0.040418350335387467,0.04106186453595434,0.025297172819896713,0.0035843551633356003
0.017686841356196352,0.2814326364894302,0.3510740690490575,0.24959707752344784,0.07390081348498863,0.021602253237445978,0.004706308859433541
0.024065408386588442,0.2766636319813221,0.24992968071406585,0.27723314303952484,0.12698131420730696,0.03967578750318041,0.0054510341680113214
0.013596794805457385,0.743661258756528,0.11579973730303617,0.044231046999402515,0.059743063318749706,0.018951644766504183,0.004016454050321961
0.041044876159604456,0.2941260669878284,0.14365470591172094,0.2831026385924698,0.1593008240826997,0.07128232616176797,0.007488562103908814
0.013196903465108874,0.562673742746529,0.30658167076044124,0.04238175362241442,0.04983086791863189,0.021246152979185952,0.004088908507688789
0.01336932089146952,0.41651303972460973,0.18292425170916032,0.2935420055899919,0.06532679972862497,0.023520830426697188,0.004803751929446389
0.02228398678143149,0.42279587956443476,0.36372542280322057,0.109120919302993,0.04860665254900385,0.02946624513925201,0.004000893859664444
0.019554583867291378,0.6813369888854116,0.19497818970237268,0.05602245289638018,0.03152852205971299,0.01259361149137513,0.003985651097456159
0.015807360748241815,0.6452154159905858,0.2445108904277521,0.06455981215187058,0.018221401809435014,0.007612580137010776,0.004072538735103769
0.030246207102051365,0.3134315551677603,0.3109203713052818,0.19329851787867097,0.12436986523403652,0.021211147069375078,0.006522336242824006
0.02304392937014321,0.5152620206575453,0.2152939201957878,0.1436379131110982,0.06417640276922848,0.03329197831857016,0.005293835577626695
0.015844658174416378,0.291580854887449,0.3498962504361528,0.19128963616760958,0.11839345809446217,0.028419406911975798,0.004575735327934288
0.014226145563000262,0.17373567547588648,0.6466744205464833,0.12011196023998756,0.02793145447704488,0.013982113060191398,0.003338230637406221
0.021249119136643208,0.5742091387551664,0.2355765299609133,0.11283314773899394,0.031616938110337146,0.019424631739811227,0.005090494558134735
0.0179997088375834,0.4811359987279909,0.22576750495665462,0.13276368964466567,0.11736336959867695,0.020296114336248106,0.004673613898180304
0.013979193162004296,0.30525070192787995,0.559666556773602,0.06203991320457197,0.03585740279439876,0.019144998235736767,0.004061233901806332
0.01883519945734818,0.30963506004564423,0.3795763393870997,0.1963985367715726,0.06412963115394511,0.026737351618918704,0.004687881565471564
0.014678322075973829,0.2817774043952968,0.47073677297178385,0.12278128981017573,0.06996378033998109,0.03581094636569374,0.004251484041094793
0.0252912243209736,0.20209394572182926,0.23151338015373457,0.3020202220718799,0.17230823576325494,0.059761523863615745,0.007011468104711955
0.019139299480382246,0.7464308555204029,0.07453347462677473,0.09996716368641627,0.03637654583399168,0.01980269353692273,0.0037499673151091986
0.02542569410352979,0.7479188283734014,0.06650299799106504,0.07045133259796718,0.06241272064083167,0.023186829533975623,0.00410159675922924
0.032261213240287696,0.1668167404732318,0.20964275970754628,0.25808880204047857,0.2725981640924468,0.05432704461150151,0.006265275834507162
0.018055661424802333,0.11198418540061114,0.27941885848778425,0.4676630235092035,0.08707484160209251,0.03128423860637214,0.0045191909691342045
0.021599671692811705,0.45258688694063165,0.17702706594277834,0.18956362236670257,0.12740495874250965,0.02628636305166019,0.0055314312629057925
0.01141857048832688,0.1753291847118425,0.693757102328909,0.06141992517057707,0.03231664053507278,0.02170323067036347,0.0040553460949083854
0.018980723024345857,0.11131310806429115,0.12296625587117917,0.427672492611678,0.22979046031058134,0.08375535772778973,0.0055216023901348285
0.015847374971217777,0.596151083467948,0.26287478503556083,0.06888157820526095,0.03795043516437341,0.013849538035078787,0.0044452051205602335
0.01961214208430447,0.39889294962923255,0.3654176891842588,0.14604418010343928,0.045393861457895535,0.019720125344696565,0.004919052196172809
0.013905514962567181,0.5379846472480335,0.20834451968601334,0.14286331908636718,0.06845176355842615,0.023994142098102203,0.004456093360490354
0.016217628706774814,0.5882895281553145,0.22227355184064984,0.08598575194905538,0.0686244120512271,0.014309047080146166,0.004300080216832208
0.02741837542733509,0.2880175732288316,0.28216367197961056,0.26528225760658497,0.08804219706881901,0.04178544490129071,0.007290479787528028
0.013142762540903285,0.3821461257595335,0.3395729232125932,0.13323482323306463,0.10278989543976497,0.024302454945637802,0.0048110148685026055
0.019865150710127018,0.12995393888487838,0.1319841551414544,0.5196174980545343,0.16075860420074645,0.03263417584058516,0.0051864771676744205
0.016946056850792056,0.20372019268521832,0.3912099340230111,0.22195712801722353,0.11754395084212242,0.04351591886069139,0.005106818720941177
0.022044442914740538,0.5173257293060853,0.17290144502578192,0.11230814406282848,0.13726831015731708,0.03317553624212875,0.004976392291118002
0.030489566943400423,0.7219812914674614,0.04013968616404837,0.10636278002009569,0.0774238597851286,0.018837061672843852,0.004765753947021746
0.01767459449085872,0.7264175668220376,0.08774403680227343,0.046236708820408035,0.08765103786026184,0.030212342551543717,0.0040637126526166896
0.024665989424536936,0.294259821805468,0.43993369279877764,0.14242448920056192,0.06557895303233324,0.02841827114943939,0.004718782588882926
0.016182749590282437,0.7384223551200378,0.07743195217893867,0.10230067013395892,0.044677663578448844,0.016411758620006947,0.004572850778326154
0.02810917168299827,0.43578959168166104,0.22242281017875437,0.1884511220252403,0.09168062567526114,0.02535430315125239,0.008192375604832464
0.01581910700363648,0.4169579546697499,0.3075673655390643,0.17002735951053866,0.06470215906259943,0.01948421960912281,0.005441834605288475
0.020851265339327248,0.3957290455740729,0.23823203774630952,0.20412036107947196,0.10531343938729164,0.030290216503740617,0.005463634369786053
0.012848510776464072,0.4931841826321259,0.39113781138262227,0.053247026700411204,0.03134064691045619,0.014773932952104869,0.003467888645815657
0.015325228078481246,0.6807770830469622,0.11785974930647537,0.058435755203091404,0.09090073179924772,0.032081428437900114,0.004620024127842052
0.014430326155757272,0.0664690620777043,0.20369187266301605,0.5016243077263758,0.18091042615007624,0.027332579311236116,0.005541425915834331
0.020593039613234953,0.08396364040218084,0.14181610537575895,0.41180079989134516,0.2868456614233312,0.048920880534686566,0.0060598727594624304
0.020256363773357093,0.06110814352517271,0.34745000535489534,0.3538202790365653,0.16530384011409482,0.0473208292745175,0.004740538921397263
0.013711260731288033,0.8794339278640805,0.025658325735153243,0.017210808513127344,0.04915119228213364,0.010459032805706172,0.004375452068511039
0.027133857738841232,0.16337397507929094,0.2564918398178739,0.166919524283768,0.31795198575044054,0.06047528463367864,0.007653532696106876
0.017237432647801438,0.4522232809568407,0.21932977659321334,0.1511031860734073,0.1241058681730339,0.0314496563193777,0.004550799236325603
0.01612678124788511,0.4682098598985442,0.34178337310637996,0.09738703906164675,0.05254590091207366,0.01917865332819344,0.0047683924452769505
0.021638390706783174,0.20194865775942283,0.14899501627448564,0.2181064619788506,0.34823934485070057,0.05263282169279119,0.008439306736965803
0.023717044019562462,0.07677463435667432,0.1870391918655035,0.4687668036878389,0.15997558866450742,0.07820329165068891,0.00552344575522442
0.022682239020795785,0.49933866657335113,0.18037955591653673,0.12553083211152258,0.1247787091064376,0.04132048890113773,0.005969508370218335
0.014441100632627803,0.4516714210525005,0.37135611378513567,0.10047567314060128,0.04247190548651396,0.015573230308535812,0.004010555594084958
0.01869662337948703,0.1700008652744435,0.36591038455311453,0.30406004689038346,0.08430758907636995,0.05079828233309778,0.006226208493103811
0.009427051215990336,0.08192756928127805,0.28090581271241444,0.48817508327061515,0.11821018364343405,0.01639385273054387,0.004960447145724117
0.017497128161177763,0.33535607764761216,0.27895456120740647,0.22753970954109398,0.1041931747908748,0.030979366715103693,0.005479981936731118
0.012930102178872754,0.6701173626483666,0.15493594887526194,0.0810961863525824,0.048764783868126126,0.02741189815557562,0.004743717921214454
0.011391672811149457,0.551290007886934,0.36846508381889276,0.024143589226874214,0.025876434126222998,0.01560829847588575,0.003224913654040811
0.00900354117762898,0.8024962420919268,0.08712382600023517,0.0392754402621871,0.04664035940728691,0.011466094082028888,0.003994496978706462
0.015926486903808778,0.20904462977158622,0.2672039727585593,0.31777788893821435,0.15116847194270774,0.033337104982743296,0.005541444702380149
0.014158304966817017,0.4465898974064479,0.3313244564161753,0.1389893090720805,0.04187382458093249,0.022450475277778877,0.004613732279767828
0.017263456229944362,0.3526546448888673,0.4522570066416062,0.0659466390733841,0.08435896696170053,0.023264281072216852,0.004255005132280667
0.01894579954058173,0.24035429508131306,0.3619718374526864,0.19448323922714103,0.11931787740166014,0.059386683791540745,0.0055402675050768065
0.024306736612810756,0.25178687705220065,0.11514879476307192,0.2691128974717628,0.29820245894392355,0.03641670976897876,0.005025525387251816
0.014177256440159857,0.7061658028331181,0.14392685842817243,0.07655134419662453,0.03643021710912427,0.01843497645016775,0.00431354454263314
0.015764453655102574,0.21002755326788158,0.47910083468740433,0.1532787367920844,0.10327312059713856,0.034299533584817715,0.00425576741557084
0.012566561000073804,0.04423943292782445,0.2683759307648853,0.4801180555630374,0.17221086107514527,0.018691716459588226,0.003797442209445531
0.019629269564909253,0.0532917073013482,0.5244879793257714,0.25898052188549325,0.08329551008705433,0.055614085861694015,0.0047009259737296
0.01569998895166161,0.10650982487901917,0.30711489299656075,0.4074178220694464,0.0987524684757363,0.05830810973366452,0.006196892893911318
0.02070517428608564,0.12645067746259106,0.19760472739347815,0.35572961553129845,0.22457432560942162,0.06979599103333796,0.005139488683787111
0.016432503344870425,0.40685145629746655,0.27418536118235204,0.12654845172264303,0.13880519114277887,0.03170688690729349,0.005470149402595793
0.012302108997169785,0.3862835518043111,0.4967196823546331,0.03817740818912252,0.03586209079042792,0.02679244283231379,0.003862715032021739
0.026228995184342227,0.7391690279920059,0.08102912817744835,0.049821511701933704,0.07726485664410518,0.022115326596974513,0.004371153703190182
0.022545675797598357,0.19438047413670256,0.24691330281701881,0.34269793677097427,0.15856789339033972,0.028352384158221285,0.006542332929145056
0.015272504516020118,0.03870581295108548,0.3090700770361772,0.4982453069966367,0.09809740960298047,0.03639827325717182,0.004210615639928006
0.016923062009760417,0.21701358540984744,0.3131618547105954,0.3136049550570264,0.10718306910510424,0.026600377348744215,0.005513096358921856
0.01216489059512338,0.5888827044979337,0.19806756394546401,0.09823588742220397,0.07493537579844864,0.022428000542599007,0.005285577198227414
0.018541191299286764,0.2249814430650662,0.46313103868988587,0.16209364176304913,0.09605193864330144,0.029835744947389404,0.005365001592021167
0.020306254834276928,0.29569404344188116,0.25960181177726877,0.21534047577821097,0.15158330951045637,0.05245498232070295,0.005019122337202952
0.011688176310145662,0.5191677404119144,0.37702060811736904,0.05264433749374845,0.02163768339268882,0.013874189696606812,0.003967264577526529
0.01944872283976683,0.5855470551659159,0.21733987143388658,0.07994046600163492,0.06331902384979655,0.029926201859965973,0.004478658849033336
0.012866345071609987,0.339254788262051,0.5043194607970657,0.08438856273616749,0.03378517313003783,0.021540290183197065,0.00384537981987087
0.022990453592217384,0.24411261356293548,0.4743201288234413,0.151713822069628,0.06479161405393633,0.037139891308254784,0.004931476589586657
0.020433142273166817,0.243602090248522,0.3413398493457839,0.2160750078695633,0.1222009188000534,0.0500994976506155,0.0062494938122951
0.012220070407865586,0.7351728527279989,0.08537366338562594,0.0734458908685851,0.06393651656692477,0.025984374937815715,0.003866631105183797
0.014573237788851614,0.15840129228610403,0.3370705959773855,0.2622812738332187,0.1762353014526197,0.04571217701971864,0.005726121642101757
0.009724799205788393,0.3376684694638271,0.5492946905893892,0.05227150665298227,0.030313613891822102,0.017245532627089805,0.0034813875691011736
0.01045497944883213,0.7466726701713898,0.14316153072074267,0.049973790396893786,0.033750588517650226,0.012499089034018427,0.003487351710473095
0.014520476849561125,0.4536126533395393,0.4088403863324122,0.07355205926386708,0.03239491146708261,0.013038777508669015,0.004040735238868502
0.015036845689286803,0.17700911863394037,0.43665220282631384,0.26575442094352025,0.0720341924494165,0.02954333396181852,0.003969885495703706
0.024765761337199734,0.5063293367025115,0.12344068455259226,0.20851860229894306,0.10434294028050949,0.02712909708420694,0.005473577744036994
0.012802153109080087,0.8823960113775157,0.022677833612711546,0.02105449483626685,0.039462206313492336,0.01782519543436914,0.0037821053165643286
0.013050683533637085,0.6546430687333578,0.18542356748710886,0.08355306029777096,0.03855944982535658,0.02051234521541991,0.004257824907348967
0.020117137273444937,0.3421902675749091,0.2726313699470883,0.17867774461238145,0.10730828418969403,0.07279186403869359,0.006283332363788348
0.022707803157912914,0.3237181449477963,0.35401362222124994,0.15744710443608928,0.09584998442016332,0.04107509289108223,0.0051882479257059156
0.019808695061894095,0.09421402302306728,0.3720933446597467,0.3339007965337937,0.1458583791388451,0.02850168670204794,0.005623074880605084
0.01787824412852087,0.13410930334077026,0.48173529132179316,0.25933054240935294,0.07259409112452997,0.029291969252966638,0.005060558422066153
0.017977168223021357,0.7975783092202783,0.04746062766403837,0.09113349841781364,0.03176170356577897,0.010424130153281447,0.003664562755787741
0.01186476240862989,0.506383833451034,0.35191075850732995,0.07368543961270875,0.03787772006312644,0.014150125421197753,0.0041273605359733725
0.017728774397727645,0.10984773952843871,0.24281219448014824,0.4106515863953082,0.14904035674015498,0.06453431252039453,0.005385035937827749
0.02081912238441662,0.28296545835025483,0.3490827311357504,0.20533480971754406,0.08684157706078788,0.049431064520173054,0.005525236831073147
0.024315201937935165,0.18723197895954402,0.12949118802447665,0.26578750840022897,0.3179477992848334,0.06978903021274707,0.005437293180234809
0.018346908428698263,0.23318279446802248,0.4285849523711466,0.15403747510786053,0.11859279134078836,0.04212180659077197,0.0051332716927118315
0.026071551440085154,0.22560884428879335,0.3412711666546897,0.2790584633077241,0.0921829247103601,0.030624902089290956,0.005182147509056441
0.015095630066356098,0.10379172622103082,0.4080390625860116,0.30786138096365745,0.11649567609125602,0.04408470753854295,0.004631816533145072
0.019405252408258786,0.32345538297582266,0.30835871346766824,0.1620470314640462,0.14215657692223302,0.03946911746586934,0.005107925296101724
0.009062661135347358,0.1606823919360711,0.7213406772179544,0.05964014536807587,0.028827542221391073,0.017388728467562436,0.003057853653598088
0.017295505434908258,0.4817318936931862,0.31910718494825113,0.08997041194623984,0.052086781791561544,0.035078938518421296,0.004729283667431783
0.017673162901713977,0.7100045992755668,0.17950484324763483,0.05107456290118987,0.02457995771628334,0.01261224737950935,0.004550626578101758
0.0172032172758405,0.32495587201214177,0.44458756134067,0.09319664895261291,0.08251995317413492,0.031350496146507874,0.00618625109809222
0.017883034097834965,0.19921776822704884,0.5896857170612205,0.10005621571849252,0.055209180810404365,0.03334934515898371,0.004598738926015019
0.01761503749075698,0.8108201642400865,0.06477011179282267,0.05502369456918936,0.03646167868092254,0.011486241745410722,0.0038230714808112957
0.021328187535436704,0.282674774067936,0.41621011542977776,0.1777223245561259,0.07148959997748108,0.02506863333486409,0.005506365098378424
0.013588224061699562,0.4644786551903005,0.36963181824453567,0.08284042273246017,0.04931589317848368,0.016011428305265654,0.004133558287254682
0.035386650032752966,0.28495382796873947,0.22667630166423583,0.25193186758182606,0.14361109887034232,0.04994678746656971,0.00749346641553369
0.019915329980796436,0.48808199115129675,0.17226837444462442,0.13776972203196028,0.12867368039585045,0.04741008978536858,0.005880812210103228
0.01833163719454693,0.6972766516621486,0.12375246998092479,0.08067544987514276,0.051127979527507944,0.024022379001186145,0.004813432758542741
0.02035185945546207,0.569712694694127,0.20267333675505508,0.08061115241655237,0.09371039272893328,0.02704748067898061,0.0058930832708895915
0.02552251042067318,0.17226938494271649,0.2354912733553337,0.35121390844026223,0.15948139964869137,0.050093482200024644,0.005928040992298498
0.01350935240326572,0.1544160939416244,0.29887526563657785,0.4100113204005541,0.0882652035528736,0.03054567349546211,0.004377090569642189
0.023381972810668124,0.3400038395457877,0.28286577298167687,0.18894587388774176,0.11804927997441304,0.04053093454013043,0.006222326259582129
0.011287932936252064,0.5123356311390553,0.37967932507111224,0.04776282528098776,0.024614021037195007,0.020955788425920524,0.003364476109477116
0.01190816939202528,0.4193914405618447,0.3714815378485394,0.13683704546497036,0.03278931815788281,0.02376993540120925,0.0038225531735281816
0.013286634603833941,0.760951437178104,0.10130962614129721,0.049989131325925876,0.03399365618816962,0.036680225516690014,0.0037892890459793314
0.015267222763804553,0.6710500738095306,0.16370242097952156,0.08174363841091237,0.04212895185200966,0.02094842318716697,0.0051592689970542775
0.021945929980590393,0.6335665935194695,0.13785045114734115,0.10317919589386106,0.07065677723290313,0.02793217860282251,0.004868873623012282
0.027806418074196402,0.14409730700344037,0.4066082247167809,0.28498254876623397,0.09071293682998678,0.03968841639333829,0.006104148216023271
0.02247514620527614,0.20397451972636305,0.23912289731431696,0.23695798616762756,0.2296952821290655,0.06041415346445696,0.007360014992893969
0.02340574733871655,0.3627132428926547,0.4624902096972888,0.06511380645248847,0.05773423027505859,0.023424307435008278,0.005118455908784492
0.01897583429833039,0.5474209110736804,0.3568242388496459,0.029070056098487243,0.027791095828818897,0.01585753504412969,0.004060328806907534
0.013327321474269897,0.7046384026583199,0.15498105722317668,0.05092148297988693,0.05765370347468593,0.013861917009272312,0.004616115180388273
0.02959489595639004,0.3132018215022392,0.1660929773782329,0.2570802870915933,0.19405323066369015,0.033331947566189755,0.006644839841664584
0.01619745038005197,0.14415218422957377,0.4183294664196314,0.309788422431789,0.07888977382062161,0.02743634792352707,0.005206354794805202
0.014673719733482514,0.3400084587947068,0.2627167047341561,0.2507539759398334,0.0908151586615696,0.0352350923578186,0.005796889778433118
0.016561199164743162,0.6327867503876121,0.17576103314162017,0.0890305790101027,0.05604574348092079,0.02529979599611935,0.004514898818881488
0.01713646886293666,0.7985898074005594,0.08617316650999754,0.02652723712489854,0.04073350517973282,0.027048455247410817,0.0037913596744640174
0.028984410966645655,0.28703541734663013,0.47709195314180874,0.1269006081019042,0.05088800104006796,0.024316880067446728,0.004782729335496656
0.019823416573612758,0.29326211738645064,0.3579353506198269,0.180240084772588,0.11705947328248469,0.026477836165184808,0.005201721199852148
0.018280691047643533,0.2146069717136633,0.4697411867970913,0.19065339643732407,0.07289159173891929,0.02894839506393571,0.004877767201422724
0.01454800807714585,0.5673174367156463,0.2569785501107761,0.0902589891883818,0.0461069862163103,0.020558191637465657,0.004231838054274115
0.019254471073213205,0.514656460901682,0.24650667624978864,0.10458353440774175,0.07489111553295237,0.035502453982642984,0.0046052878519791405
0.013693079415133574,0.37351118100002967,0.31904142563516513,0.1192137484911916,0.14616625703606229,0.02345113070077711,0.004923177721640769
0.015711586521037473,0.553690910090283,0.2143761068489648,0.09985383965758693,0.08780675936365627,0.023286606187960527,0.005274191330510949
0.01355760585438693,0.33118768725804154,0.4239489134387786,0.17912846714148867,0.02799797677014395,0.020311547766743255,0.0038678017704171395
0.04237354091371068,0.5526295247430267,0.11228052374279399,0.14887392795157076,0.10799936315675938,0.029614188900207006,0.006228930591931397
0.013187339681740254,0.6432849322960493,0.2101504891049078,0.06540641358692702,0.04861848378978412,0.01416360733543974,0.00518873420515166
0.015211979460924702,0.1401623483140599,0.6276572156863659,0.1098606263092602,0.06262620432418997,0.03964032899719377,0.004841296908005587
0.021475101155653802,0.3231650304109962,0.2735507900306394,0.26985566363766755,0.08278706842540651,0.023426602483727434,0.005739743855909098
0.013893205341050086,0.16643962894045666,0.5294751868526515,0.1472010169509747,0.10288456823907938,0.03603549884383295,0.00407089483195465
0.013241392293357997,0.5530351711982094,0.33234840844719743,0.06701159463719712,0.019030725938438974,0.011611750123463433,0.0037209573621354215
0.019052577067325407,0.6437222233565014,0.09124656433102399,0.06494575451798193,0.15258546485591803,0.024004320391213675,0.00444309548003554
0.016983357586714633,0.04367386382516517,0.3465912981597423,0.37252252359898463,0.1864902563539583,0.02856710930628008,0.005171591169154793
0.016469397441640707,0.3819579528459563,0.2622437071927053,0.1881065895084589,0.10808909381694687,0.037891355497598034,0.005241903696693971
0.025490522992552934,0.7781795248058538,0.08314382465196354,0.04575890775401917,0.04892735456101315,0.013979374814993917,0.004520490419603465
0.020326350753319775,0.4159651077680884,0.27491793102811707,0.1667854387318529,0.10321188977746394,0.01457982826836212,0.004213453672795701
0.020254011966032087,0.1606700862045385,0.18744772219993897,0.4084078857076719,0.16383092242078132,0.05288407799872298,0.006505293502314124
0.017807703771380797,0.11235494489814284,0.2987656789409406,0.41272614069019625,0.1301203843567198,0.023774362079397898,0.004450785263221857
0.026240504129385903,0.12267346262427148,0.36240111846274187,0.34883374940124634,0.08225130435108698,0.05240334511831549,0.00519651591295204
0.02209896213945596,0.47297833652959465,0.24028212474116162,0.12880108372004553,0.10003385874715649,0.030378328043199912,0.005427306079385944
0.021111574364274056,0.6833815882989343,0.07390884057142556,0.05651783514159554,0.09788982182403598,0.06248816704102587,0.004702172758708587
0.014355054239288047,0.6113738725870265,0.19145458483289887,0.08046706050353605,0.0718080357434479,0.025915367095177656,0.004626024998625097
0.01821913764930719,0.48459882374659635,0.31073850048689794,0.10920724158049518,0.047185075743375,0.02467960030493013,0.0053716204883981124
0.011377770524706633,0.24457170967030015,0.4128625733840149,0.22793065562843687,0.07080258561748988,0.02863503073297973,0.0038196744420719115
0.026836753875248413,0.4889350727022628,0.2200562493643553,0.17340841791982176,0.0625775519877506,0.022384719761002377,0.005801234389558812
0.018855236320124976,0.33869919122912995,0.1964319199163232,0.18997261618923836,0.20852657121596035,0.0426836965266783,0.004830768602544933
0.012254794188084747,0.2317521065717604,0.624134785702267,0.0786720635018124,0.030750708340142884,0.01900444683679263,0.0034310948591398348
0.018006451302617285,0.26991586156730635,0.31121040643773124,0.14397079533403537,0.20587184219924454,0.044420712588761985,0.006603930570303199
0.01950524043885383,0.12928877963109056,0.22097971354850282,0.30816644418003675,0.2465428935850059,0.06824956141764725,0.007267367198862896
0.015061721875146499,0.4247502736870642,0.4770672071351326,0.03047328128287394,0.022360056946519023,0.026352519281825873,0.003934939791438003
0.01726135818565375,0.4944482995275935,0.30818747384169454,0.09050490400187712,0.05321932783780408,0.031142045597284843,0.005236591008092152
0.0147004430589029,0.45327826345468475,0.4141079286007983,0.05964917174660054,0.03507339386379682,0.019464032353311133,0.0037267669219056285
0.008838733374672569,0.04376232290400033,0.5136270724174362,0.30194036872408925,0.10356895799145661,0.02426639525629592,0.003996149332049083
0.015621704960418209,0.6302990375647473,0.21454120739152127,0.06476464584278586,0.04708543422343139,0.021556292335687385,0.006131677681408751
0.022037012471019437,0.5890376187967585,0.11829875537762588,0.11946579756518373,0.12176450726100226,0.023842463521759526,0.005553845006650633
0.015407312059164447,0.7764875919236456,0.0819166714361442,0.04907652499234786,0.046527300122190245,0.02694699978756973,0.003637599678937846
0.011533169542065727,0.04649934151634923,0.2558016949359031,0.5323142667022143,0.1309435229086971,0.018558645659460457,0.00434935873531002
0.01200451119169416,0.7101950169153586,0.14975292138129043,0.05923969817163015,0.041737270031583014,0.022624401168773425,0.0044461811396701734
0.010090584357778674,0.8882496858443054,0.0582693943671694,0.013902617599117548,0.016279888559911606,0.010276954618429469,0.0029308746532877125
0.013179512289668883,0.6444924057851055,0.19949070715739983,0.07817093566391639,0.042440713162439,0.017763691496802396,0.004462034444668238
0.01527654709662507,0.1806668425929471,0.47579759288887474,0.219696232056103,0.07261599203213823,0.031271352495691115,0.004675440837620747
0.015391242256782412,0.772677357164133,0.09226909216390788,0.02679069704614418,0.05790474133013596,0.030851698412482025,0.004115171626414364
0.030999318715965403,0.3235942364882753,0.22062117809938664,0.19996315586294,0.1743240259084645,0.044173673717505815,0.006324411207462347
0.010998064877351419,0.3438821217172867,0.4928510955852271,0.09158071444041144,0.039061555770309044,0.01746485069296615,0.004161596916448135
0.025507787158049834,0.05631205878014122,0.11647652382898682,0.3462923846341026,0.35703862036967715,0.09129751542727119,0.007075109801771343
0.014902067341553511,0.6042263555707933,0.28276718429966197,0.028577240857348113,0.03760358450895884,0.02780583041349369,0.004117737008190445
0.023803231494375406,0.3831131240403478,0.36957253438013815,0.13885610383484584,0.05064068976193918,0.02881347470878515,0.00520084177956834
0.015068293884224081,0.6205601358101814,0.09205135203771143,0.19015041512871017,0.05358095450308685,0.02427703177088811,0.004311816865197866
0.008824208135953717,0.7811569767753979,0.13208922746353413,0.028543924496830114,0.032685415349305504,0.013083807355973077,0.0036164404230056477
0.010969390121328249,0.13807102476008848,0.7282568216876174,0.06129669795767983,0.028961460507616315,0.029403098026857605,0.0030415069388119147
0.02177139290955348,0.38595494229165206,0.2987820174330768,0.11951720434067437,0.1294938420114371,0.037189488810177876,0.007291112203428311
0.029089497768984857,0.5863757464576168,0.10426924762199703,0.0765208407777069,0.17100383761922613,0.027304029904088648,0.005436799850379652
0.02744011036010216,0.45256121638109903,0.1516459760997887,0.19921918773186012,0.11786142138072644,0.04480985720693567,0.006462230839487964
0.01911200272529008,0.19517073727263573,0.32918363862168415,0.27627219112388923,0.13499261381397984,0.04034308672031369,0.004925729722207237
0.011882291525156035,0.8553523490425977,0.06190318456492191,0.020122776689013782,0.03071665154471667,0.016409966652233765,0.0036127799813598306
0.012992422841373976,0.5110646654743941,0.33892291484222414,0.07457863993171199,0.03693379691262384,0.021007795138883446,0.004499764858788559
0.021779160067937207,0.24075967962608538,0.37632165108837573,0.21482479372508925,0.11612701073806297,0.024951640795987957,0.005236063958461452
0.01996266102188115,0.31496785427330104,0.4955813982644769,0.054874965403319785,0.08845278100730959,0.021448793622928678,0.004711546406783118
0.009118661139470316,0.02284311703278311,0.7231819140439361,0.15555530236603737,0.06154015300222932,0.024235691428151587,0.003525160987392223
0.021115800674649174,0.5274333844023983,0.09517472436214386,0.27126321685002297,0.05821975059172965,0.021470614389070008,0.005322508729986033
0.01681189484397359,0.30005728952893995,0.48076027568308594,0.09689978415215877,0.08129102123501546,0.019740829119086013,0.004438905437740158
0.02288871425444842,0.2025851658969837,0.2869399069099328,0.25975842129671417,0.1645934558122117,0.05682374916143652,0.006410586668272498
0.017035576839474268,0.12046508134164705,0.23800788946495602,0.5069623083226679,0.08107064379616832,0.03186627657568349,0.004592223659403055
0.010638103447888755,0.8124971812311211,0.09602677786711687,0.024567233991530865,0.036055625977048894,0.016377699213649483,0.0038373782716440113
0.017789702913453588,0.4773070112464313,0.23036434561224195,0.11947002387156996,0.1140503555264625,0.03565393725341686,0.005364623576423857
0.014241998895097108,0.11520523023941066,0.5452015625864804,0.1824085719767084,0.09167937401305305,0.045733493889111326,0.005529768400138987
0.013148772280406885,0.7703372458907828,0.08000869190592923,0.05184881425130959,0.061628690148466156,0.018885133997750388,0.0041426515253549095
0.013863244553318652,0.20332468245899876,0.5965087970008836,0.12611481158569202,0.034811993746522954,0.021562084577820103,0.003814386076763954
0.016710479733765046,0.4575581075799525,0.18011319147418428,0.1670442196657361,0.1448095574065666,0.028283891120073738,0.005480553019721644
0.0258641697063229,0.21113775993320466,0.17593623035661393,0.1745994611490471,0.34445789029274093,0.06250208774742151,0.005502400814648935
0.01969524333481626,0.17178552953722298,0.22682985272631634,0.2815675738419794,0.2481838237370063,0.046306622185954174,0.005631354636704531
0.016480277867956267,0.6333332268538111,0.18390806968461992,0.09723041069079871,0.0454759279191804,0.01891966625454543,0.004652420729088145
0.013069951156465686,0.7900837533644391,0.1271920718793721,0.01649622979188788,0.038504548650469955,0.010995907842368828,0.003657537314996585
0.010926207065047192,0.11746621201140874,0.7933169223684374,0.048765340249663475,0.016958478567220665,0.009595515664782181,0.0029713240734404876
0.013977456198716086,0.7828228327227698,0.1294471902965947,0.01816807476805923,0.03879317637652969,0.013011537951357592,0.0037797316859729782
0.019964264879434725,0.36125238066019605,0.4223079505343297,0.13418004856661256,0.041102157852622286,0.015903369438878358,0.005289828067926393
0.022108994786358607,0.15733455069370317,0.12804148832705314,0.32324468159412667,0.2967652505139443,0.06702596224697716,0.005479071837837067
0.014030608856732858,0.061485633055377784,0.2642593682221455,0.5617972957402269,0.07249597111461019,0.021243965804697118,0.004687157206209768
0.04593879437141418,0.2747160102646876,0.09291024136303438,0.197435996416113,0.35338853412973387,0.030166792077975686,0.005443631377041335
0.016689384446898728,0.6470298274258536,0.22899630792815828,0.051234265857494514,0.0339187385113891,0.017928980672403887,0.004202495157801722
0.0230865728292622,0.2873810483027939,0.24761638391972193,0.20908229311395957,0.18019780025819765,0.044950424531829326,0.007685477044235591
0.02333290389596477,0.13946572431971577,0.259962766578783,0.3212262659149931,0.16168685155401652,0.08672705589580695,0.0075984318407199495
0.014256840892993684,0.5026211211917824,0.37956232823670577,0.027775965789325643,0.04198147766469722,0.02984446805203549,0.003957798172460034
0.015750746682881473,0.03037018318305516,0.25862322750709105,0.4923304963133931,0.1568098540164555,0.04220370889904197,0.003911783398081812
0.018735292313759973,0.28196445112963364,0.42499422506076057,0.16230765515599238,0.06531903979716175,0.04105095017859501,0.005628386364096633
0.016136107429174377,0.6919064896125046,0.17352717930561606,0.039765869291615456,0.047060565389943604,0.027392714888450423,0.004211074082695471
0.012102974600807129,0.4798678944212898,0.37144587188233685,0.061408169928907144,0.0450265269327919,0.02577569351519994,0.004372868718667082
0.008984510476310444,0.706545642415961,0.21077424576274836,0.024874186106149623,0.030209741317495313,0.014995838832824154,0.003615835088511158
0.011133768883457181,0.34595982112384704,0.49404129367606237,0.09013452407234045,0.03642024610589385,0.018215496217891747,0.004094849920507454
0.019542370664838743,0.22873356517263344,0.3719799548729169,0.22874405166795594,0.11187969965278598,0.03381615419243425,0.005304203776434802
0.016326250939048992,0.08838089769500582,0.5713489089798183,0.18103685360932673,0.10482383351354288,0.033530400286325375,0.004552854976931943
0.01668246788559837,0.18830991967064284,0.2851063804557471,0.37900048907525935,0.09777281676807258,0.027395384064671537,0.005732542080008243
0.018344753756980272,0.3030536151326445,0.378670422315963,0.21797955287546605,0.05700372410595518,0.02016984118951453,0.004778090623476502
0.01721654294195175,0.07806253438208731,0.10274987997344126,0.44493678781149204,0.3113430248256994,0.04127911220566067,0.004412117859667459
0.015883409631685882,0.10883869483214305,0.2996459214365882,0.48101643872596955,0.05852651364871178,0.03130006957680325,0.004788952148098327
0.022841298822723666,0.3134063185527582,0.1343805281100826,0.3474498341758623,0.13412840385874367,0.042396550547792504,0.005397065932037162
0.02459731613454954,0.39535641921090664,0.24714993840218974,0.1796689005166054,0.09838693951720022,0.0488746473137973,0.0059658389047510555
0.015991077269266674,0.1805099090872493,0.2832257453655248,0.344235773068482,0.1334434512223592,0.03706126224231706,0.0055327817448009384
0.011822080709947811,0.08066658327622016,0.3331585662342585,0.36108221646313404,0.17727945240742685,0.03161184059945539,0.004379260309557179
0.01112923508051907,0.5993237816846544,0.3146561647593616,0.0347443095643173,0.022683620335403314,0.014112783534940028,0.0033501050408043247
0.015410735396251315,0.4808832928595359,0.2713438970305965,0.1634932938888952,0.046011846887518845,0.018771151651863775,0.004085782285338332
0.014702414901569056,0.4456638408275869,0.3317860575491172,0.1439737227534286,0.04037901594623699,0.01853862636446107,0.004956321657600293
0.016361892633363052,0.3411366845158845,0.43058095996794615,0.15198824876509467,0.040131140980338986,0.01584256858847648,0.003958504548896153
0.021997883035877457,0.4906659407275773,0.0752789815655893,0.20690723555875015,0.18086372965954495,0.019128277813037334,0.0051579516396233665
0.017062784412489786,0.597655592307467,0.1476638611304192,0.11376629039853126,0.09723168010479846,0.02143481125170207,0.005184980394592191
0.019015141085898024,0.32904575534671876,0.34915874718728784,0.17470018275516494,0.09122907347043577,0.032219183790827687,0.004631916363666895
0.01674499790537657,0.5788763629431035,0.028577361731767656,0.08693507160325747,0.25440242136620034,0.03077243474613717,0.0036913497041575444
0.017085795246037074,0.5596571485648293,0.2374576764111873,0.10873337956102082,0.04756557726003643,0.024901914506910747,0.004598508449978376
0.020023457528123866,0.18128747416087937,0.39813904530295025,0.2707952277137741,0.08814212642540642,0.035818046201466995,0.005794622667399168
0.013905882304329889,0.7244881104923857,0.11824555842002474,0.07151895020904395,0.052078379949301895,0.015363618071659106,0.0043995005532547656
0.016492569490800506,0.4729860705244563,0.2526156625932158,0.12239071453793991,0.09372979465972568,0.036144145147764865,0.005641043046097025
0.012780714951511998,0.6055336276798984,0.2853026272896033,0.04954259696916788,0.028290774962693457,0.014762467416401524,0.003787190730723369
0.013347080503598951,0.6963086203203309,0.18213289008278333,0.04108500195495564,0.03443521674805614,0.028872580020719588,0.003818610369555415
0.017390825453269677,0.271740954274118,0.1943302286093587,0.20474520577298144,0.2715961510680328,0.03558428651052182,0.004612348311717556
0.023242659026312822,0.22112841375199072,0.45746932680943975,0.1432817803216462,0.11172987904303071,0.03853123872828774,0.004616702319291903
0.01020469806553451,0.2787594909186248,0.5943218164660133,0.038374214399029896,0.051796339281287275,0.022689955528865453,0.003853485340644826
0.015586600674336934,0.13508044125424976,0.23906063497951424,0.28600196165860836,0.25137596918641064,0.06762877633806776,0.0052656159088123955
0.021125836091158274,0.3120817078981625,0.41031446477471567,0.13237699378539658,0.08432794398711503,0.034026221246585386,0.005746832216866572
0.013928224726821458,0.7603336623084402,0.12171647163593881,0.03299500037685051,0.05206206503117891,0.015173144377376362,0.0037914315433934284
0.023625308999484555,0.5811763286159589,0.24091804628281,0.03629797881298173,0.07543273100250401,0.03773833714126746,0.004811269144993372
0.015835168198043748,0.40268497593398106,0.3268706182865822,0.20296732281903207,0.03389156969481686,0.01285759289084652,0.004892752176697604
0.018442206866779037,0.10805436816740673,0.2553809319543257,0.3871583047951778,0.17313167734788573,0.05299229500056198,0.004840215867863065
0.010698289966540372,0.295998008183199,0.5459004120040416,0.09022983873878666,0.03521603534178546,0.017923251082956282,0.004034164682690779
