tfidf_mnb_0,tfidf_mnb_1,tfidf_mnb_2,tfidf_mnb_3,tfidf_mnb_4,tfidf_mnb_5,tfidf_mnb_6
2.3772729914617076e-06,0.8507932442903196,0.11931246632399387,0.028274636006642928,0.001605606799640221,1.1507458313301834e-05,1.6184808679101575e-07
0.00014779849226172323,0.6407979820935692,0.24148915302295348,0.106534166835171,0.010666469747024834,0.0003501084826366655,1.4321326373479738e-05
0.000497949190811747,0.4050869815882857,0.4189587986478433,0.1512727152748511,0.02220403081049346,0.0018963243238383604,8.32001638737609e-05
2.3893733860326948e-05,0.9383326266236117,0.04789439459520159,0.010040684171720184,0.0036465280719234403,6.037678500227163e-05,1.496018673635874e-06
3.0917003989413884e-05,0.5407358731654299,0.4004185295965238,0.05393804524790215,0.004769514739170988,0.00010427647149830992,2.8437754792912174e-06
0.0003550589294538163,0.18211208415024566,0.35168740333818926,0.43036123389679287,0.0343464460059608,0.0010868902433310524,5.088343603312286e-05
0.0005625132557766558,0.5787665758310816,0.31723447739324834,0.07966646269541046,0.02178997842130823,0.0018860589045098823,9.393349866352356e-05
0.000313363270689969,0.7773633273523557,0.10042999042809071,0.08669546002600743,0.03446274704581438,0.0007011048457248728,3.400703132360537e-05
2.2169782781998855e-05,0.8898204742942323,0.09886230168343561,0.009738109700478607,0.0014759782577685612,7.820389258911445e-05,2.762388713848641e-06
5.1527137789360674e-05,0.8251455949446632,0.15022926649909124,0.020397843399487057,0.00401502138552879,0.00015497821607826312,5.768417355450123e-06
9.757485516351087e-05,0.8457445566151269,0.13284584565867677,0.017664902358501145,0.003353485951750948,0.00028057694665374844,1.3057614129754065e-05
2.456769722965363e-06,0.9779189223318644,0.020917120701091245,0.0009702502505027919,0.00018458184533383745,6.440660655598112e-06,2.2744083513629407e-07
3.53677332790837e-05,0.4703296022275048,0.45433545690796107,0.0668025049044928,0.00837356913605523,0.00012006900383738983,3.4300868643526984e-06
2.763418917643247e-05,0.889147356651602,0.0989762174753062,0.010604746112237148,0.0011854214246033725,5.475843801497304e-05,3.865709053622478e-06
1.8076708290337037e-05,0.8224012186010272,0.1573462903938608,0.017855920135469213,0.002295958684218154,8.03165477542094e-05,2.2189293850683948e-06
0.0004057561220238288,0.1531164872453362,0.5248731422612127,0.27804806884744065,0.04182055776621883,0.0016834985506726738,5.2489207098926426e-05
3.538280787140302e-05,0.7259971950847167,0.26009432447550057,0.012083638494163527,0.0016683311299876423,0.00011738337993248337,3.7446278225323437e-06
2.0044049835822653e-05,0.6042563702312626,0.34329551071746406,0.04808380003203456,0.00424886186865338,9.33206592305871e-05,2.0924415178712177e-06
1.155765834798883e-05,0.8849230663154575,0.1089493299565415,0.005071073867650616,0.0010023422199012964,4.142995216786823e-05,1.2000299311091417e-06
7.950029431584562e-06,0.726796231516796,0.2388316998156137,0.0324348966025355,0.001899454541025456,2.914734725442196e-05,6.201473497413984e-07
9.45584416338569e-05,0.5738758381439031,0.32224209018466776,0.09353323113619826,0.009929926223879112,0.0003147197150102775,9.6361547033068e-06
4.0480686458042447e-05,0.9284276362631182,0.0610921789115734,0.008078230384795913,0.0022513109209869454,0.00010516175501600759,5.001078054382973e-06
5.153176579772282e-05,0.6288414552584513,0.25686523366368963,0.10453420345256959,0.009499069914200266,0.00020488022193651718,3.625723353765427e-06
2.257190238003284e-05,0.6874506891304262,0.2841089864539111,0.02525278915721179,0.0030775203860432666,8.50462715027594e-05,2.396698514042037e-06
9.835078388260666e-05,0.6473276462050502,0.2595342413380633,0.0857507018023351,0.0069715016269437085,0.0003047856930868831,1.2772550636478775e-05
5.481231342691477e-05,0.7662563043290495,0.20957828812227888,0.020834499883419986,0.003114640394130631,0.0001564523609543908,5.002596738356012e-06
4.460332810568501e-06,0.9174747895923882,0.07596185478059768,0.006071096780673556,0.00047686705753061565,1.0620368284033881e-05,3.110877186290709e-07
1.3097646964587911e-06,0.9667436144666886,0.031819141313173656,0.0013519216940915061,8.152124213824112e-05,2.3919933027297915e-06,9.952590316437768e-08
0.003102671444519182,0.5908015431185045,0.2675496679798821,0.09857928401348265,0.03575449911702108,0.003685192803544299,0.000527141523054292
3.5657992257604655e-05,0.8312443745007768,0.14639151586937213,0.020017007652935927,0.002200855560491692,0.00010683235743529257,3.756066729812933e-06
0.0001161793127789792,0.6318316798504824,0.2998116789974724,0.05906586641740235,0.008784613145116797,0.0003748898736461422,1.5092403094201964e-05
4.001127332458773e-06,0.6463890828230111,0.33591195879043245,0.016758655355815045,0.0009223524339376798,1.3665391880550351e-05,2.840775903653726e-07
1.338894575867244e-05,0.8952483288572316,0.08947883131432206,0.013919705350141167,0.0013049674394270212,3.364143427737505e-05,1.1366588487661365e-06
7.364645891786543e-05,0.8377954089797894,0.12901430778670733,0.027129002239962043,0.005801833844968273,0.00017749435029358428,8.306339360136158e-06
5.4379525626325555e-05,0.7213246717650057,0.26223124618783333,0.013850195941293874,0.002379378020093727,0.00015355808935515274,6.570470796072544e-06
5.10581110480291e-05,0.45177088544330524,0.45912875565926964,0.08285335826407306,0.006006035751843652,0.00018482461617773123,5.082154288006557e-06
0.0003430302975442224,0.6713739366437154,0.2909081626956979,0.02930626203388,0.007067889434214736,0.0009448011874470871,5.5917707507144586e-05
0.0010934120113228253,0.34156798623484824,0.3749941028052233,0.2304399220313624,0.04823818468162,0.0034978727201227518,0.00016851951550527606
1.1733353120601418e-05,0.953834772650892,0.040262128270804685,0.005203134578307635,0.0006577329800867997,2.945719205991804e-05,1.0409747273763983e-06
1.555595707002188e-06,0.9852847341679359,0.012666475883626169,0.0017859772302767974,0.00025698681900006363,4.179506181362005e-06,9.079727097612858e-08
0.0013821151258683103,0.40562017939012696,0.33613902794384826,0.1904831579786986,0.062445695906131075,0.0037436359452580775,0.00018618771006995047
8.878820695376584e-05,0.6323607017570599,0.2730480901651051,0.08664642697025438,0.007556097508307034,0.0002905614451986717,9.333947117319077e-06
0.00022899555161503063,0.7508548542310435,0.16764898561356992,0.06889434556682092,0.01183860294146271,0.0005046514339027334,2.956466159051127e-05
5.259837845984392e-06,0.48469292521306045,0.5028586315403475,0.011444956225789971,0.0009727122493931019,2.5036192339409982e-05,4.787412358227653e-07
7.169844692331075e-05,0.5233861459059657,0.2884861361151532,0.16868580698734462,0.018927191626893207,0.0004353281878280434,7.69272990201581e-06
3.310364105597981e-05,0.9382757085461227,0.05634855459149891,0.004427653984290253,0.0008503526266706729,6.0355013977027124e-05,4.271596379700917e-06
6.177530167471785e-05,0.8415620156677655,0.14457161703925586,0.012119194134445883,0.0015538972191323974,0.00012419441678623456,7.306220950242431e-06
0.00011761254952035339,0.7399525335437521,0.19341647836604708,0.05863771890834362,0.007487187189121506,0.0003730229269794646,1.5446516239774034e-05
3.814263142077111e-05,0.8643849965515729,0.11986048652812736,0.013583097157881556,0.0020432223719837263,8.578927696366174e-05,4.265482045748164e-06
1.068961270367213e-05,0.7217028962841333,0.22325956270603137,0.05210511209804688,0.0028771438390278086,4.3774508263425736e-05,8.209517816047907e-07
6.97752443066595e-05,0.7920375184226893,0.18044478090246424,0.022367313226542212,0.004867274327079376,0.00020393556220649713,9.402314717309443e-06
0.00024019905989081631,0.3524831548327957,0.3165379126003616,0.30689405521556196,0.02308658675676161,0.0007295513953592385,2.8540139263112585e-05
0.00019067368006759236,0.3875230731585076,0.4583008854769465,0.13434840075596702,0.018840441743840832,0.00077153824683744,2.4986937829474822e-05
0.0015945456813277442,0.8014371579019068,0.12470860030501264,0.04357513978754083,0.02527640239753796,0.0031503251837694947,0.0002578287428972297
7.504879916451069e-06,0.9444224776577707,0.0451495337259331,0.009296951701645026,0.0011038486629416323,1.9228968167518473e-05,4.544036274809433e-07
0.00013685226988346285,0.8903661289461929,0.08612955871796077,0.01571150147944669,0.007235557179591946,0.00040470719168779126,1.5694215246820302e-05
2.0646879370956402e-05,0.7576062582418644,0.22644227082237453,0.014422105122505764,0.0014479997473001857,5.896068582911205e-05,1.7585007550852743e-06
1.3339758587098745e-05,0.966976963319675,0.02741972248649285,0.004802065373946592,0.0007546455876234152,3.1745686772749484e-05,1.5177868998417332e-06
9.465848405567632e-07,0.9139924825552629,0.0751738280210251,0.010311535838325453,0.0005180311165990526,3.114493072337155e-06,6.139088647230928e-08
6.549774836436911e-07,0.8926754149924314,0.09938385873786028,0.007625304089688747,0.00031217455701135476,2.54920093622926e-06,4.3444583804877394e-08
8.264187377725924e-05,0.7683047758765869,0.18385435088860683,0.04118899153729426,0.006318724270792538,0.0002413940804995596,9.121472450056432e-06
4.6172152706605585e-05,0.7791549073178817,0.2025523854772736,0.01543862937832617,0.002676550995473061,0.0001262779733169034,5.0767050256497445e-06
0.001346966822999434,0.7813815178914381,0.1338864122085898,0.049111560718669935,0.030388570813220276,0.0036576978964940735,0.00022727364860117483
3.4694029020382455e-05,0.3495141011690801,0.34820059886480437,0.2877695696077647,0.014328026663346491,0.00014920516379703075,3.804502198493027e-06
0.00022305740518483873,0.3435709438921802,0.3457776348331843,0.2747342823240314,0.03482292631470071,0.0008436069367855715,2.7548293931660635e-05
0.0001543558438906832,0.2847607472952114,0.5140966032000253,0.18042929831874746,0.019931390139247097,0.0006114951050711914,1.611009780205918e-05
2.347596039151687e-06,0.9841684278453233,0.013849686425611225,0.0016115028644440128,0.0003620568973669139,5.7927031612839445e-06,1.8566804739897568e-07
0.00010485247230453271,0.5268847742782267,0.3487193052616501,0.10002162499933942,0.02381239065536821,0.0004457864752811619,1.1265857841742672e-05
0.0001643105444024092,0.7513669449192676,0.20488813825797839,0.034889129339679185,0.008194554294053696,0.0004766734592580041,2.0249185356270428e-05
2.332280144848313e-06,0.8349151383778292,0.15143393321437296,0.012899116521953326,0.000740201623410542,9.092891549352674e-06,1.8509072937702995e-07
0.0002510505618384596,0.417176342036892,0.36601810538272034,0.1708377471610169,0.04463759252617624,0.0010433541086407087,3.5808222721674545e-05
0.00034908499346322135,0.19696650806575763,0.43949999103679716,0.32956402834201565,0.031909679747743475,0.0016681295037937606,4.257831042924927e-05
0.000356776117142459,0.7018225774475487,0.23128697130483752,0.04955687407944086,0.015894812878255726,0.001033079812358779,4.890836041192938e-05
7.705542929720508e-05,0.6541257467632873,0.3099451811292233,0.031473351415706216,0.004174205629155097,0.00019599423653999666,8.465396793718584e-06
0.0002317745484855979,0.5891603846318446,0.327767941781089,0.07235107721613578,0.009667678786202562,0.0007875462954529492,3.35967407960946e-05
0.00012020439679681496,0.07777041527307042,0.303511564999672,0.5966272263676574,0.021563426166908557,0.00038482445601316606,2.2338339876846318e-05
0.00040928625431034906,0.4407042136976082,0.3825231684686232,0.15396391188052888,0.021126610963040197,0.0012100300083419933,6.277872754019621e-05
6.407306354113709e-06,0.9074151541654263,0.08316118917969961,0.008582669901750791,0.0008082937192967725,2.5631247704930432e-05,6.544797693806484e-07
6.579994141692497e-06,0.8562664359068509,0.13978687121069083,0.003458127740316474,0.00046070140415964097,2.0667064329740218e-05,6.166795073232417e-07
8.030711076057344e-07,0.9729100709215338,0.025293031648125755,0.001621219071817581,0.0001721090492097152,2.6944078375639845e-06,7.183036366803045e-08
0.0008901095643370238,0.2672932649963497,0.4337062252013987,0.2528955826232146,0.04241312868940859,0.0026432548007080535,0.00015843412458184324
2.2810879805070177e-05,0.9068337813917696,0.0840849820239478,0.00810399375054843,0.0008903943956293479,6.117191607560501e-05,2.8656422192126486e-06
5.478195496889852e-05,0.7014327371622906,0.27306501367266706,0.02068158504543997,0.004595322557463328,0.00016463805072333164,5.921556446923043e-06
0.00013414621255763653,0.37233215325969127,0.5120562093368839,0.10139250033388426,0.013443535497254251,0.0006241191461099033,1.7336213622349385e-05
0.00031801791264359847,0.7308005393380462,0.1506781092074366,0.0819663256186183,0.03529490470173981,0.0009061875628262817,3.591565869264251e-05
4.372428513875797e-06,0.8973068590565885,0.09377086585171014,0.008175002138447655,0.0007263274708520169,1.6240259638058148e-05,3.327942480023351e-07
2.8654317071317434e-05,0.6435586393605854,0.31672759023753094,0.035905642004614324,0.003664593070478681,0.00011204278578906795,2.8382239244422712e-06
5.6227809363268235e-06,0.3857523393866214,0.4521710023231622,0.1568625698818748,0.005181269450089212,2.674241985011789e-05,4.5375747521096124e-07
5.187373656030912e-05,0.19262329618575674,0.6945936644515027,0.10408091010422307,0.008380558953216386,0.0002646294779863048,5.067090767979737e-06
7.533799541677567e-05,0.26556284130016283,0.4972663673127155,0.22404045227020808,0.01262288095879047,0.0004222564089854299,9.863753716417585e-06
0.00010269117865287005,0.37772183819074107,0.44461977881869713,0.15835215937374533,0.01866455863384692,0.0005284602210956557,1.051358322386966e-05
6.61023678223726e-05,0.8807489764849806,0.1018416581443412,0.013400603274440415,0.0037496038585916997,0.00018418934196826474,8.866527859005845e-06
0.0001854934570629826,0.6910802083726383,0.2845636260121422,0.017392223801789546,0.0061521179522003675,0.0005997483472822074,2.6582056891056794e-05
2.0584896214005828e-05,0.9590074934850307,0.03239500845252427,0.006602790462717912,0.0019261599041918217,4.640222739296796e-05,1.5605719259995409e-06
0.00011580884885107066,0.5003662741390079,0.32309014773025213,0.15996319817389432,0.01610049636711969,0.00035178909647232354,1.228564439630797e-05
2.8117218406052225e-06,0.2212245724529393,0.6509433169947098,0.1254320238925386,0.00237848010733844,1.859647295455845e-05,1.9835768607530992e-07
5.900209204933466e-05,0.4946229852953367,0.3738907338703048,0.12199441275086732,0.009221638139889266,0.0002043313890348765,6.896462520208824e-06
2.498756237114758e-05,0.8699556551365534,0.11065226671380539,0.016661085786093422,0.0026176221788590088,8.512802182717946e-05,3.254600484866804e-06
0.00020619840086149379,0.5903206455757449,0.34556355235725994,0.05209246575925954,0.011189168301658175,0.00059995123346913,2.801837175163784e-05
0.00010029845835641033,0.5254977938178792,0.3452886454726151,0.11528647890847574,0.013381071673522992,0.000435382497602881,1.0329171561550974e-05
2.5477414828986588e-05,0.8135736886541289,0.17270640103360393,0.012295066936950608,0.0013260884424933811,7.037434104763652e-05,2.9031769524894324e-06
3.301485629890358e-05,0.7263134973734253,0.24471029545800538,0.025678179851068482,0.0031451943110593207,0.00011672288955983417,3.0952605758809592e-06
0.0001259047041045715,0.6293001506202333,0.32768011108118283,0.037333177073924695,0.005157560134914217,0.0003868459789948242,1.6250406639365916e-05
4.723517346776529e-05,0.4795258316150494,0.450644379756986,0.06407122742966505,0.005534635090168472,0.00017247967795122105,4.211256707752978e-06
3.113904966118119e-05,0.6971838815882326,0.25289975537223386,0.04479366356761725,0.004953941341832921,0.000134699266076103,2.919814348381002e-06
0.0012988763891350048,0.8522625685961855,0.08521924066142325,0.038335572532640055,0.01942288012256047,0.003223137714931158,0.0002377239831224901
0.00014236275133038974,0.4827923645623348,0.38529162614906787,0.11355770296692144,0.017562915041794157,0.000632421568549259,2.06069599982589e-05
1.9182438759310578e-05,0.6367542548352382,0.34559018465762453,0.015882125567974366,0.0016847475678584225,6.747282478633316e-05,2.0321077657539835e-06
2.1459941965002948e-07,0.9678660024877582,0.0307593735991449,0.0012949668663146164,7.859671507377037e-05,8.312162844761052e-07,1.451601077528165e-08
2.02974530898334e-06,0.8817775125452628,0.11304970665311476,0.004832000576673545,0.0003326523385263851,5.9403454350793275e-06,1.577956654540116e-07
0.00017337539862534787,0.42863329799176825,0.46493570236370096,0.09535318908497614,0.010288484512947997,0.0005928228757455506,2.312777222936686e-05
2.193693420665041e-05,0.882142684739058,0.09132197765379245,0.024003253820475648,0.0024493222767665197,5.8849207276734966e-05,1.9753684204644713e-06
3.496660592982538e-06,0.9922024231167952,0.0066126807154763935,0.0009248201823856275,0.00024639139891447084,9.858547759553447e-06,3.2937807874178266e-07
1.4287318060779088e-05,0.8996725394781502,0.08699302808184932,0.011958691237260422,0.0013143027264855642,4.575365185663665e-05,1.3975063424194847e-06
0.00028427032214931237,0.5524744584771458,0.32851071085314365,0.10109165407948192,0.01636476362228617,0.0012342575219529105,3.9885123835072955e-05
0.0004881945432158217,0.5496864039729978,0.3513935987492069,0.07913613167261974,0.017784991578057137,0.0014445261570061626,6.615332689102784e-05
9.401368897391542e-05,0.3171933128477583,0.5103323997884361,0.15710011012494213,0.014930656485612284,0.00033916752584393667,1.0339538421273688e-05
0.00012634555920187294,0.39132524759466697,0.5026030017101262,0.09498792300120572,0.010531900784120186,0.00040986470345992,1.5716647223850164e-05
1.8953425278833596e-05,0.9504443593131975,0.040386936849103314,0.008112241478736177,0.001000667377543376,3.526607484260016e-05,1.5754812941125492e-06
3.3504530988742225e-06,0.7542870974795927,0.23263714671693878,0.012340591885058901,0.0007194977624840192,1.202726756214328e-05,2.8843525872343746e-07
0.0003379643432883829,0.38228397029530486,0.392855820814744,0.19639196982220064,0.026593654221208234,0.0014916052657946031,4.50152374647411e-05
2.4466326529678834e-05,0.6804963537328002,0.277063853399238,0.03906811673016431,0.0032365086364838044,0.00010855678918177151,2.144385596557312e-06
0.00010041536258379119,0.4029233767982237,0.3849243627710874,0.18099182114771806,0.03050846474967022,0.0005415988964632149,9.960274253533362e-06
0.00011969514848657846,0.5390063570177657,0.38660913973504824,0.06251287880260603,0.011299176213362886,0.00043850013233483626,1.4252950402118147e-05
9.383260231953733e-06,0.6560575264404178,0.29682004313538696,0.04414918807390586,0.0029263465631071575,3.690227996022714e-05,6.102469765992644e-07
0.00038525839231573673,0.3711850643820945,0.4401933324548763,0.16431395885328734,0.02240962894096418,0.0014552593798289391,5.7497596639256225e-05
0.00013802541695103658,0.6261258476286702,0.32500471035312356,0.04026848880822481,0.00801752349146465,0.0004286312738970584,1.677302765583672e-05
8.149961484876499e-06,0.5154974356830251,0.46945402633735167,0.013741701970940193,0.0012624055339855223,3.543986576927913e-05,8.406474433948391e-07
6.804459366806132e-06,0.8388629700497648,0.14995763693326097,0.010011728046302848,0.0011303678449946552,2.9923558950451853e-05,5.691073564833725e-07
2.028472855491947e-06,0.956568158849624,0.041205451286847446,0.0020577303182313907,0.0001616486177895531,4.812779399463749e-06,1.6967524834983635e-07
0.00015550675515590382,0.685326997117584,0.28866236243891574,0.019835408276200124,0.005560572480678999,0.000436428336140995,2.2724595317487412e-05
8.496612026856979e-05,0.6434652609505405,0.3329510170553759,0.01928404456066777,0.0039294415927330646,0.00027492689680050857,1.0342823607859822e-05
1.1961188690322774e-07,0.9947753957092397,0.004950997527914961,0.00024573482201791457,2.7434065449308454e-05,3.11413994236152e-07,6.849503602550706e-09
4.848700681837815e-05,0.6777580451503138,0.2748643919210023,0.042775124030683676,0.004413912743259903,0.00013493407955581337,5.1050683684278085e-06
1.0388902121645353e-05,0.8547995959432002,0.13171527096798888,0.012121580250586513,0.0013200546342092268,3.214963427291079e-05,9.596676223081455e-07
2.181328951187535e-05,0.7761838596424083,0.1840360187851006,0.03580474921399194,0.003877175079873623,7.467116146012406e-05,1.7128276559354869e-06
0.0005009693281835318,0.7917272889086797,0.13854871104889757,0.04836664925249831,0.019246503875660154,0.0015403671353528756,6.951045073125892e-05
2.0600550689858798e-05,0.9024624561682154,0.08281207608297605,0.012941248935155731,0.0017007402363866243,6.1015290959957446e-05,1.8627356189009898e-06
0.0002399492613536079,0.865126555487055,0.10561574024928312,0.020990563424570688,0.007485675938963601,0.0005068846878571252,3.463095091879014e-05
0.0006195099222228716,0.32615672126483375,0.39004433622099943,0.2466363175801329,0.03445556457535548,0.0020085126725563037,7.903776389440301e-05
0.00014296731956064352,0.4082531757163889,0.4375514207320004,0.14149866963152213,0.012007679256144033,0.0005263369294718874,1.975041491058464e-05
0.0002142343961940966,0.6248822371959597,0.30326978477291394,0.05928704135738982,0.01166769637486636,0.0006507700911621047,2.8235811509038217e-05
5.484527302493482e-06,0.8933868074859487,0.10200557158665331,0.0041108610987304105,0.00047007364056542546,2.0686698340826103e-05,5.149624536521513e-07
5.307310047419719e-05,0.5791709880760539,0.37909063702572576,0.03801826614666448,0.0034748674981834606,0.00018546740369200504,6.7007491993933e-06
6.645393640003956e-05,0.9016546600972549,0.08310183089368212,0.011976942065219282,0.0029240041474665884,0.0002677592770469354,8.349582928454126e-06
1.4559119440792456e-05,0.9417724145946977,0.0510549647694451,0.006218597501923063,0.000896201127775997,4.16062848982612e-05,1.6566018142603595e-06
0.00017597248276051208,0.889547321213582,0.08336155676974097,0.021268293287016807,0.005234969187168086,0.0003906651626935613,2.122189703626288e-05
0.00017891142089400291,0.4422089383777491,0.43075061872936327,0.1137779037620054,0.012520630628644145,0.0005448713445063045,1.812573683525982e-05
0.0011349147535534784,0.5162388583597392,0.2957665802408449,0.13126593200499814,0.051816365726849535,0.0035923666369180956,0.00018498227709477365
2.4492811417760458e-05,0.6869022507676016,0.2985780166299833,0.012497620370408068,0.0019261750004845165,6.922648706435043e-05,2.2179330391044185e-06
1.8743417123472582e-06,0.9181244249029881,0.07940797227308898,0.0022387292469967833,0.00022141853103407354,5.455317127161617e-06,1.2538705093843683e-07
1.0472916176185358e-05,0.9117735894753797,0.07976765457190056,0.007172020561035885,0.0012451194445514786,3.0136592862687234e-05,1.0064380962242337e-06
5.7965019429359975e-05,0.7495717454714235,0.1730813407622717,0.06843999194682931,0.008686981636022462,0.00015672016539321066,5.254998632023334e-06
8.727479098191548e-05,0.5192397573680837,0.4003368656013825,0.07329912178733747,0.006751599405438718,0.00027365164562557565,1.1729401148699106e-05
0.00010690306475613317,0.6859070267134023,0.2387845889650626,0.06642751675146973,0.008374007440170028,0.0003852179667501859,1.473909839018457e-05
1.5206347494535267e-05,0.9208747887884654,0.06919384403276141,0.008616736764555844,0.0012524292749274586,4.552688487647558e-05,1.4679069148581334e-06
5.531201514449069e-05,0.935483397649361,0.0531052126401804,0.008297221808962025,0.0028926094164882974,0.0001603116119143211,5.934857948861578e-06
3.14551909827974e-05,0.671466053554828,0.3028894441437637,0.023530842470726707,0.002001641208809807,7.804454828035654e-05,2.518882604490518e-06
0.00021629877804460606,0.5849344985719139,0.31432904818973756,0.08489723074155413,0.01501500467241985,0.0005796967880161794,2.822225831703195e-05
3.136110750089373e-05,0.6036630475047898,0.35726621467782343,0.03533007008960383,0.0035922911536680237,0.00011404380937743831,2.971657246139364e-06
5.0932538456105874e-05,0.8313827480733772,0.14447073165348648,0.02103300148738152,0.0029059813682404396,0.00015065313103486186,5.951748027538813e-06
1.4269622459766882e-05,0.7584737321117865,0.2059796720292931,0.03273233790634267,0.0027396386514862725,5.9209987692265786e-05,1.1396909256581504e-06
0.00011945250032744668,0.5980027762318229,0.33078504470155573,0.05955346805484816,0.011168092431341549,0.00035456887402100974,1.659720607988546e-05
1.4231565499400455e-05,0.795757210025027,0.17470675146587758,0.026750467351740692,0.002720789443953428,4.920053677613167e-05,1.3496111136414542e-06
4.3009743982341846e-05,0.831687904581464,0.1498684589968305,0.016602466235130647,0.001676163303349969,0.00011671491788444108,5.282221358884607e-06
5.438862802316012e-05,0.9155522769467579,0.06366054479871504,0.017253042733464615,0.0033682715813765736,0.00010714095457641213,4.334357082075823e-06
8.108734347286036e-05,0.9177045796242413,0.07160801561172137,0.008310350519335794,0.0021257917452899913,0.00015717189238545468,1.3003263557388847e-05
6.815014092224528e-06,0.3844968988503235,0.586660480982739,0.026723807288775235,0.0020720943859503823,3.9270721670772534e-05,6.327564547061991e-07
2.517199156807448e-05,0.6609913222153962,0.2774620573614609,0.05793407531370362,0.0035126442686167947,7.23530288082351e-05,2.3758204393993086e-06
0.00036851067112489677,0.33551744056197297,0.5317018213129255,0.10993708511773502,0.02113211679545102,0.0012885382296944443,5.448731110152465e-05
9.526641128551558e-07,0.8896046890178502,0.10673805567766838,0.0034702902068508147,0.00018306475777689276,2.8823152142676203e-06,6.536051765717139e-08
0.00014579994697144552,0.9263448581577332,0.053934381101312164,0.012935791884806085,0.006308486061864098,0.0003118707776942703,1.8812069622757743e-05
4.094344324399139e-05,0.4758676640444527,0.4124846242017065,0.10028156277343332,0.011173508977146222,0.00014744642979073962,4.25013022281576e-06
2.4959585414201533e-05,0.6946039724099173,0.2533972322903962,0.04719163275332285,0.004670098913033431,0.000109798100428014,2.3059474950094015e-06
1.3778184483112274e-06,0.9829123445159751,0.015299404612370136,0.0015863601189890103,0.00019741958887574282,3.0141342363583493e-06,7.921110414490516e-08
1.4179773868414694e-05,0.8367695290083741,0.14331503425497222,0.01787106534890442,0.0019952342628340165,3.382962464450534e-05,1.1277263971409295e-06
0.00011882151275216711,0.4969519667441444,0.32016699838985513,0.16412207009354216,0.01811562402552292,0.0005106374207972116,1.3881813379544236e-05
9.816633240470498e-05,0.5206862719336872,0.3199466438618056,0.14642603340121135,0.012536623727363371,0.0002957509581858722,1.0509785347651157e-05
0.00022686823945210034,0.37129020341071156,0.4414519020831723,0.17050098210804235,0.015712718250194067,0.0007942833004668512,2.3042607966891458e-05
0.00021229936546751174,0.8516832318930835,0.12749110061463234,0.015404162654804461,0.004745803594889186,0.00043526021461438814,2.814166251052752e-05
0.00012228100631535852,0.8943521332606779,0.07648707158964142,0.02046544969038243,0.008069603895117551,0.0004896561950558267,1.380436281607361e-05
7.41792603586348e-05,0.832783943363642,0.13764139260862804,0.024195044828711914,0.005072735231230035,0.00022341904496657374,9.285662465260376e-06
2.189092910301129e-06,0.9342856081061146,0.061980487635842185,0.0034347809608175697,0.00028943127222319227,7.320875580622611e-06,1.8205650106444583e-07
4.505467188261656e-05,0.46744091562496715,0.4160219629923355,0.10859814011772176,0.007688710883233453,0.0002000949455321312,5.120764330399527e-06
0.0004046045710311391,0.8166514458492767,0.13814794638754094,0.03615152708956223,0.007885327275411079,0.0007049575567193364,5.419127045304286e-05
5.249797587160978e-05,0.676788481810919,0.24654322249066418,0.06553613181695479,0.010845439594770212,0.00022922415516242174,5.00215565119816e-06
3.605099889560948e-06,0.6611288007340332,0.32523263426400767,0.012824055327569995,0.0007955941322755283,1.5054137722465007e-05,2.56304495632824e-07
0.0003281118615335642,0.562593727846128,0.32446130398854345,0.0847506932415805,0.02663093699069545,0.0011853471641674565,4.987890735142241e-05
0.0005503448044408941,0.20896643203958948,0.4077937999593175,0.3266919456137649,0.053486559159584994,0.002417062881824199,9.38555414801179e-05
3.0301199126855704e-05,0.6626353276957874,0.3172611219781741,0.017809738975469024,0.0021495252548669372,0.00011095757712002374,3.0273194603526203e-06
5.666713317020681e-05,0.762439754702094,0.21099397575049222,0.02224271917780387,0.00405860546528737,0.00020206409947769383,6.2136716766016954e-06
3.856717348935837e-05,0.7101415607920809,0.2613985632427446,0.025234906520628438,0.003065264430625895,0.00011720331868073256,3.934521744380218e-06
2.9121844034465106e-05,0.13562385378834646,0.7492743527862334,0.10809022917634949,0.006833939405270202,0.00014462260550281313,3.880394267888223e-06
4.8986179586995646e-05,0.929909415915029,0.06007106137175845,0.007910374895448975,0.0019360185765162955,0.00011693802558072455,7.205036072712222e-06
1.2665976818428699e-05,0.9451141746560058,0.04703676886136379,0.006520407189028567,0.001283067207424732,3.172456459627288e-05,1.1915447637581642e-06
0.0003383526324737185,0.9062515168495808,0.06630970496417105,0.018072530135296267,0.008096481226160997,0.0008856057270570004,4.580846526486431e-05
2.8811756547595085e-05,0.11484487088669398,0.3961021909811111,0.47544813908349287,0.013453272529837945,0.00011945064855998877,3.264113749247845e-06
1.992698562281982e-05,0.9653929635369465,0.030524524453171796,0.0032287363616456143,0.0007755553935569339,5.571937351843456e-05,2.5738955354554425e-06
1.5467177111440923e-07,0.9945190787754858,0.005247807172353844,0.00020675544075980898,2.5693221824692447e-05,5.005400088807313e-07,1.0177793432786045e-08
7.13846863268146e-05,0.7458625801524814,0.21055463394099772,0.03837192605165448,0.004922605188795963,0.00020788353248369094,8.986447263653465e-06
2.6504335304469966e-05,0.5642390582773144,0.39679860199845235,0.03527793446798933,0.0035487151733436923,0.00010643471199249227,2.751035593239819e-06
7.423839895574393e-05,0.9493722138984617,0.040675250651918404,0.006596776475673283,0.0030506123833999375,0.0002221373400351806,8.770851560646222e-06
0.00015574569209641123,0.5436244179290213,0.32509021506360436,0.11335948848311314,0.017256406160399935,0.0004985669610566975,1.5159710711095949e-05
6.295239861988599e-05,0.6113536924162446,0.35967426001786795,0.025030110467602912,0.0036720927991997065,0.0001985208401614654,8.371060315392742e-06
9.555718732395323e-05,0.3064721245640746,0.37289555866018054,0.2819586842194774,0.03803421285750251,0.0005343867101385458,9.475801302739668e-06
6.403142428169022e-05,0.830658522136596,0.15596347685398726,0.010576674892630046,0.0025343400303648633,0.00019513331914772596,7.821342990152844e-06
9.986538785864514e-05,0.7715833931879789,0.1906421875635167,0.03338201164046136,0.0040343348780868225,0.00024799629812317063,1.0211043972331284e-05
0.00014851861232564157,0.777475806102242,0.1553221683999347,0.06040217598386842,0.006209662872402265,0.0004216500817447664,2.001794748061798e-05
2.2868575674271e-05,0.9615603866259317,0.03421998417857235,0.003232880993648894,0.0009021232312849105,5.8648469597925654e-05,3.1079252849194396e-06
4.871565832312051e-06,0.2745464611163815,0.7109024266720564,0.013506699516210417,0.001011050923810312,2.806262321172058e-05,4.275824998299868e-07
2.8404041828806675e-05,0.8065512102269078,0.15684752496688628,0.03156446087511265,0.0049049954323843,0.00010030341789023269,3.101038986968718e-06
8.80461197471312e-05,0.9332418885336148,0.04750392219593695,0.013082205365678279,0.005887261685477513,0.00018778879315297525,8.887306387690016e-06
0.0001752898847972413,0.7826507763529355,0.15707089624557116,0.04983564153557003,0.009758959635905022,0.0004884307629304572,2.000558227933829e-05
0.00023730218509238646,0.3980477521531371,0.45261613974593407,0.1282260910725069,0.019955128516044755,0.0008879219307531244,2.9664396525222876e-05
2.839005807316594e-07,0.9932950451256236,0.006425356901260981,0.00023829620063345983,4.006291262980592e-05,9.320081600775495e-07,2.2951104558378543e-08
1.76494723459564e-05,0.7775341067267776,0.20733424408705328,0.01355263581710118,0.00149971236066939,5.972418925018433e-05,1.927346798329356e-06
0.00016875092474695483,0.6386410051572485,0.2898351702071326,0.06110023821568102,0.009825739630200555,0.0004092884214574806,1.9807443537096426e-05
3.9385380544077156e-05,0.802437537387394,0.1866324466828206,0.008428292873342935,0.002366501818080413,9.187553454562562e-05,3.960323268866434e-06
2.224359314638876e-05,0.13534088544935782,0.8143176773825879,0.04668433861762932,0.0035165378035666916,0.00011555570146983876,2.761452244283447e-06
0.00013146570280419902,0.8790997906362354,0.07996378978810392,0.035563343260787784,0.004944679628974536,0.00028242738058400666,1.4503602507531727e-05
1.0941065400703918e-05,0.7585681937371868,0.22494917807047415,0.014756104457444356,0.0016789103707249616,3.572733042711469e-05,9.449683491640309e-07
0.0016558893356006874,0.39332652741928914,0.36884347945824564,0.1840756545609578,0.04706115994043609,0.0047588580548085305,0.0002784312306574183
5.685868881379288e-05,0.3999163650078048,0.36625296187531775,0.2236792306278836,0.009863917701321095,0.00022499494572592109,5.671153129005389e-06
1.1614927007199933e-05,0.970021354192573,0.02714843807175096,0.0022833415364740374,0.0005030539675506805,3.071096020456485e-05,1.486344435461154e-06
4.3760936069329435e-06,0.7932860100257407,0.1890009040069685,0.016168123444963014,0.001518528618217597,2.1686376742016875e-05,3.714337570498391e-07
5.087661322943119e-05,0.3912851367645859,0.5383180183810903,0.06329069045339249,0.006791421808131145,0.00025754091809329193,6.315061478562559e-06
2.5353464119593997e-05,0.9494004308204399,0.041912279891818525,0.006934305214560773,0.0016540674533245727,7.063940147921047e-05,2.9237542504229576e-06
3.5560471866335066e-05,0.477802116366369,0.49487938480699273,0.024651486687804168,0.0025065005599828405,0.00012099636794073676,3.954739040237224e-06
0.00040811423297701957,0.8004891201382954,0.14024195931685038,0.043561428898161336,0.014246506168248423,0.000985762233724461,6.710901175165561e-05
0.0003082722132460346,0.45882891746100596,0.36401251915140176,0.13693134408965582,0.03866268162042869,0.0012217627700558855,3.450269421560683e-05
0.00010289383868290507,0.5292445081966544,0.3294572742783986,0.12060346301960856,0.02014534682512162,0.0004357635641038756,1.075027743405397e-05
3.376208266774915e-05,0.9503339716740417,0.04283977845823259,0.00564720105743183,0.001066740833622682,7.44082354715095e-05,4.137658529620491e-06
1.1697601085919569e-05,0.948368863288669,0.04769303981460077,0.00313545441706079,0.0007641910895800694,2.5548169633229555e-05,1.2056193726876583e-06
1.5080779099938388e-06,0.42533584250067735,0.5650954269805418,0.009187414949182592,0.0003744404273692412,5.258918813290404e-06,1.0814551348132544e-07
9.55130586442952e-07,0.973662422361888,0.0248507684252118,0.0012957030341868298,0.0001871800068008259,2.9052965929338977e-06,6.574473130124908e-08
1.4356790815799336e-05,0.8881528180962761,0.10154555431896746,0.00933167016019548,0.0009223943031104755,3.1978730041743e-05,1.2276005905757998e-06
0.0003203186575338119,0.3832803803888237,0.3578903664116391,0.21541920534712863,0.04171334313960369,0.0013370032250953462,3.9382830164957316e-05
0.00014747405187474127,0.14341039703190187,0.3793050077241811,0.45969208263566896,0.016969732685507548,0.0004563854715674623,1.8920399304295072e-05
0.0003724939803952017,0.8035450631243719,0.10281345355444584,0.06270520985047641,0.029867434884931453,0.0006642836870779598,3.206091829566115e-05
5.897562705331714e-06,0.9030668139208269,0.09232921689403488,0.004031570125156694,0.0005481511129679986,1.7839303106419195e-05,5.110812014426104e-07
0.00040186276873759567,0.4998080186743055,0.3410312930708647,0.13027310975897147,0.027145770522374543,0.0012807162616634722,5.922894307552075e-05
5.445900841061765e-05,0.4582410337993455,0.3780802918445311,0.1506896184939689,0.012607910043644978,0.00032080666971477824,5.8801403807255474e-06
9.170524027127185e-05,0.6833192058054588,0.29968275565284574,0.012503071110887994,0.004093200941142425,0.0002989501886776726,1.1111060711934318e-05
9.351045822131017e-05,0.18950195624325006,0.49411950645579544,0.2930387663688612,0.022776103408702886,0.00046096786241848895,9.18920276327239e-06
4.819019108747371e-05,0.636559144284707,0.3286427844310517,0.030511413030756593,0.004043301439686279,0.00018987284093167046,5.2937817911085716e-06
6.228880544277094e-06,0.9275600750978767,0.06614184482330546,0.005365021009442294,0.0009007818278842451,2.5489010454677074e-05,5.593504910802222e-07
5.824084691976815e-05,0.6917665345747521,0.27234677646615646,0.03165608726622206,0.003957452974854386,0.00020713653505608648,7.771336038905807e-06
5.128748961601168e-06,0.8749052840156415,0.11988777382077952,0.004577935934350823,0.000604011557146976,1.9333686174039144e-05,5.322369466371919e-07
1.0218821445491051e-05,0.7215374583476798,0.259645397339897,0.017528999019158966,0.0012387999081625643,3.8014032074031086e-05,1.112531587295586e-06
0.0003615474536618209,0.44662597924897207,0.4138145028957882,0.11909532837466576,0.01893544794117441,0.001116804017200126,5.0390068525630933e-05
7.557288801254138e-05,0.25274707488060305,0.6367614174170427,0.10027280324247283,0.00983200537446199,0.0003022769814588918,8.84921594760773e-06
3.229018352202494e-05,0.5184171350251073,0.334657228976529,0.13956795518357323,0.007198216727002574,0.00012389013085908754,3.283773418732249e-06
1.591106313920686e-05,0.4753897929375315,0.4525794117051427,0.06809868703871849,0.0038581408589183483,5.6732455108367406e-05,1.323941441886246e-06
4.979459365026971e-05,0.45541887331356234,0.32020708505871137,0.20149736646982586,0.02258125635698984,0.00024093358130101343,4.690625964418573e-06
0.00012599242839462913,0.4175525665189733,0.4014403749902383,0.16942499321409787,0.011000331823023351,0.0004402804607480005,1.546056452005217e-05
0.0014977364048272426,0.5165964884237011,0.25525959201886356,0.18487307390625013,0.037700596135198064,0.00384546615240624,0.00022704695874825218
3.7644298924770666e-05,0.7246425369727032,0.23573965159102314,0.03484652077470106,0.004587440644533447,0.0001423542581405799,3.8514599707726285e-06
0.00013775976746100717,0.40683313112626424,0.44700833444481103,0.12937502086114863,0.016062056381698987,0.0005651616003113511,1.85358183063407e-05
8.49168982287491e-05,0.22237449536260437,0.574107568157349,0.18619873549629612,0.016823647838766997,0.00039928524809047935,1.135099865436234e-05
1.1245346236526977e-06,0.9090904989174395,0.08860918764775269,0.002129501377771168,0.00016571973697975916,3.877348162720669e-06,9.043727308783791e-08
2.4805740247756596e-05,0.8089385329385128,0.16645735722914687,0.02251032575615219,0.0019931749257384264,7.348380601725815e-05,2.3196041813142403e-06
4.136921194339143e-05,0.885317916832535,0.10472170686336787,0.0087813582032783,0.0010412104411144088,9.079007864166567e-05,5.648369133719852e-06
2.8266362702864325e-05,0.805209992147639,0.1739362199512846,0.01875074446774054,0.0019988582685907716,7.322382357047167e-05,2.694978476088745e-06
8.268189175692098e-05,0.8799384507675421,0.07375059090914896,0.038198605636551405,0.007837951488070496,0.00018331833639699088,8.400970532042563e-06
3.477875281077743e-05,0.8608145502320387,0.11462282739234135,0.02094164527741687,0.003482243782107202,0.00010016419814820731,3.7903651470307147e-06
0.0008351692504922398,0.6557061824289584,0.27725066230846734,0.048842734326258866,0.01533116807578685,0.0019048610190191744,0.0001292225910143204
0.00011599075075789568,0.9351142449737714,0.03435956690543058,0.01867918142724592,0.011386434515853321,0.00033244034531736453,1.214108162580292e-05
6.978992142315095e-05,0.8038944648365616,0.17014298629650276,0.022534026655190817,0.003155174351211604,0.0001955894562459468,7.968482857814764e-06
5.61565886810069e-05,0.4527131500285582,0.44275950160353167,0.09677645443574015,0.007475953240717929,0.0002128812896423343,5.90281313035354e-06
1.423810534623435e-05,0.9406212423944694,0.05014833274342696,0.007980620963548804,0.0011979816709811204,3.606576310868585e-05,1.5183591245393367e-06
